Login Credentials are:
Email : salavaireports@gmail.com
Password : 12345678

reports@salavai.in
Salavai@2022

Textlocal API
NzM1MTM1NDEzOTY3NTgzNjc3NmQ0YzM0NjU0MzY0NzM=


600037,600058,600018,600020,600082,600029,600040,600102,600101,600002,600106,600083,600023,600090,600108,600021,600113,600020,600018,600032,600001,600005,600031,600002,600112,600094,600106,600012,600032,600025,600003,600003,600008,600032,600018,600025,600118,600008,600084,600028,600009,600082,600014,600021,600086,600002,600001,600006,600032,600015,600104,600017,600038,600036,600020,600083,600014,600082,600078,600013,600020,600024,600010,600010,600024,600118,600021,600012,600085,600107,600092,600005,600033,600014,600034,600001,600002,600003,600005,600005,600033,600004,600001,600033,600079,600001,600004,600035,600107,600010,600034,600034,600034,600006,600030,600003,600005,600011,600012,600012,600011,600018,600014,600002,600012,600084,600028,600082,600022,600028,600024,600013,600003,600014,600004,600013,600118,600015,600015,600015,600093,600004,600011,600001,600006,600020,600030,600079,600092,600012,600018,600018,600006,600020,600017,600017,600017,600113,600005,600041,600041,600081,600081,600081,600014,600113,600026,600042,600012,600007,600092,600004,600039,600039,600021,600021,600033,600031


FB ID
1361901047596148

FB Secret
4c32b27b51eeedddbba0f5107aa2d33a

ionic cordova plugin add cordova-plugin-facebook4 --variable APP_ID="1361901047596148" --variable APP_NAME="Salavai"

